input[0]:
-128 -128 -128 -128 -128 -128 -128 -128 -128 -128 -128 -128 -128 -128 -128 -128 -128 -128 -128 -128 -128 -128 -128 -128 -128 -128 -128 -128 
-128 -128 -128 -128 -128 -128 -128 -128 -128 -128 -128 -128 -128 -128 -128 -128 -128 -128 -128 -128 -128 -128 -128 -128 -128 -128 -128 -128 
-128 -128 -128 -128 -128 -128 -128 -128 -128 -128 -128 -128 -128 -128 -128 -128 -128 -128 -128 -128 -128 -128 -128 -128 -128 -128 -128 -128 
-128 -128 -128 -128 -128 -128 -128 -128 -128 -128 -128 -128 -128 -128 -128 -128 -128 -128 -128 -128 -128 -128 -128 -128 -128 -128 -128 -128 
-128 -128 -128 -128 -128 -128 -128 -128 -128 -128 -128 -128 -117 22 125 74 -97 -128 -128 -128 -128 -128 -128 -128 -128 -128 -128 -128 
-128 -128 -128 -128 -128 -128 -128 -128 -128 -128 -128 -128 -91 123 123 125 -21 -128 -128 -128 -128 -128 -128 -128 -128 -128 -128 -128 
-128 -128 -128 -128 -128 -128 -128 -128 -128 -128 -128 -107 69 123 123 125 -21 -128 -128 -128 -128 -128 -128 -128 -128 -128 -128 -128 
-128 -128 -128 -128 -128 -128 -128 -128 -128 -128 -18 62 123 123 123 125 41 -19 -66 -128 -128 -128 -128 -128 -128 -128 -128 -128 
-128 -128 -128 -128 -128 -128 -128 -128 -128 -128 125 123 123 123 123 125 123 123 92 -77 -128 -128 -128 -128 -128 -128 -128 -128 
-128 -128 -128 -128 -128 -128 -128 -128 -128 54 127 125 125 125 125 106 94 125 125 125 -128 -128 -128 -128 -128 -128 -128 -128 
-128 -128 -128 -128 -128 -128 -128 -128 -65 93 125 123 123 123 19 -51 -66 0 123 123 -23 -128 -128 -128 -128 -128 -128 -128 
-128 -128 -128 -128 -128 -128 -128 -96 103 123 125 123 92 9 -118 -128 -128 -97 102 123 115 -15 -123 -128 -128 -128 -128 -128 
-128 -128 -128 -128 -128 -128 -128 -91 123 123 125 60 -108 -128 -128 -128 -128 -128 -19 123 125 123 -93 -128 -128 -128 -128 -128 
-128 -128 -128 -128 -128 -128 -128 -91 123 123 73 -98 -128 -128 -128 -128 -128 -128 -97 72 125 123 -93 -128 -128 -128 -128 -128 
-128 -128 -128 -128 -128 -128 -128 -91 125 125 -128 -128 -128 -128 -128 -128 -128 -128 -96 74 127 125 36 -128 -128 -128 -128 -128 
-128 -128 -128 -128 -128 -128 -128 12 123 123 -128 -128 -128 -128 -128 -128 -128 -128 -19 123 125 123 -93 -128 -128 -128 -128 -128 
-128 -128 -128 -128 -128 -128 -128 89 123 123 -128 -128 -128 -128 -128 -128 -107 -65 103 123 125 102 -98 -128 -128 -128 -128 -128 
-128 -128 -128 -128 -128 -128 -128 89 123 123 -128 -128 -128 -128 -128 -128 16 123 123 123 93 -67 -128 -128 -128 -128 -128 -128 
-128 -128 -128 -128 -128 -128 -128 89 123 123 -128 -128 -128 -128 -128 54 93 123 123 123 52 -128 -128 -128 -128 -128 -128 -128 
-128 -128 -128 -128 -128 -128 -128 90 125 125 -55 -55 100 125 125 127 125 125 125 125 -128 -128 -128 -128 -128 -128 -128 -128 
-128 -128 -128 -128 -128 -128 -128 -15 123 123 125 123 123 123 123 125 123 123 123 19 -128 -128 -128 -128 -128 -128 -128 -128 
-128 -128 -128 -128 -128 -128 -128 -97 102 123 125 123 123 123 123 125 102 61 -93 -118 -128 -128 -128 -128 -128 -128 -128 -128 
-128 -128 -128 -128 -128 -128 -128 -128 -66 14 125 123 123 123 123 125 -21 -128 -128 -128 -128 -128 -128 -128 -128 -128 -128 -128 
-128 -128 -128 -128 -128 -128 -128 -128 -128 -128 -56 46 123 45 -57 -56 -98 -128 -128 -128 -128 -128 -128 -128 -128 -128 -128 -128 
-128 -128 -128 -128 -128 -128 -128 -128 -128 -128 -128 -128 -128 -128 -128 -128 -128 -128 -128 -128 -128 -128 -128 -128 -128 -128 -128 -128 
-128 -128 -128 -128 -128 -128 -128 -128 -128 -128 -128 -128 -128 -128 -128 -128 -128 -128 -128 -128 -128 -128 -128 -128 -128 -128 -128 -128 
-128 -128 -128 -128 -128 -128 -128 -128 -128 -128 -128 -128 -128 -128 -128 -128 -128 -128 -128 -128 -128 -128 -128 -128 -128 -128 -128 -128 
-128 -128 -128 -128 -128 -128 -128 -128 -128 -128 -128 -128 -128 -128 -128 -128 -128 -128 -128 -128 -128 -128 -128 -128 -128 -128 -128 -128 
output[0]: 0
input[1]:
-128 -128 -128 -128 -128 -128 -128 -128 -128 -128 -128 -128 -128 -128 -128 -128 -128 -128 -128 -128 -128 -128 -128 -128 -128 -128 -128 -128 
-128 -128 -128 -128 -128 -128 -128 -128 -128 -128 -128 -128 -128 -128 -128 -128 -128 -128 -128 -128 -128 -128 -128 -128 -128 -128 -128 -128 
-128 -128 -128 -128 -128 -128 -128 -128 -128 -128 -128 -128 -128 -128 -128 -128 -128 -128 -128 -128 -128 -128 -128 -128 -128 -128 -128 -128 
-128 -128 -128 -128 -128 -128 -128 -128 -128 -128 -128 -128 -128 -128 -128 -128 -128 -128 -128 -128 -128 -128 -128 -128 -128 -128 -128 -128 
-128 -128 -128 -128 -128 -128 -128 -128 -128 -128 -128 -128 -128 -128 -128 -128 -90 126 -19 -128 -128 -128 -128 -128 -128 -128 -128 -128 
-128 -128 -128 -128 -128 -128 -128 -128 -128 -128 -128 -128 -128 -128 -128 -128 -41 124 -46 -128 -128 -128 -128 -128 -128 -128 -128 -128 
-128 -128 -128 -128 -128 -128 -128 -128 -128 -128 -128 -128 -128 -128 -128 -128 7 113 -128 -128 -128 -128 -128 -128 -128 -128 -128 -128 
-128 -128 -128 -128 -128 -128 -128 -128 -128 -128 -128 -128 -128 -128 -128 -83 116 22 -128 -128 -128 -128 -128 -128 -128 -128 -128 -128 
-128 -128 -128 -128 -128 -128 -128 -128 -128 -128 -128 -128 -128 -128 -128 -44 126 -65 -128 -128 -128 -128 -128 -128 -128 -128 -128 -128 
-128 -128 -128 -128 -128 -128 -128 -128 -128 -128 -128 -128 -128 -128 -128 74 95 -117 -128 -128 -128 -128 -128 -128 -128 -128 -128 -128 
-128 -128 -128 -128 -128 -128 -128 -128 -128 -128 -128 -128 -128 -128 -96 126 88 -128 -128 -128 -128 -128 -128 -128 -128 -128 -128 -128 
-128 -128 -128 -128 -128 -128 -128 -128 -128 -128 -128 -128 -128 -128 -33 126 67 -128 -128 -128 -128 -128 -128 -128 -128 -128 -128 -128 
-128 -128 -128 -128 -128 -128 -128 -128 -128 -128 -128 -128 -128 -128 12 126 -51 -128 -128 -128 -128 -128 -128 -128 -128 -128 -128 -128 
-128 -128 -128 -128 -128 -128 -128 -128 -128 -128 -128 -128 -128 -71 109 77 -120 -128 -128 -128 -128 -128 -128 -128 -128 -128 -128 -128 
-128 -128 -128 -128 -128 -128 -128 -128 -128 -128 -128 -128 -128 -4 127 37 -128 -128 -128 -128 -128 -128 -128 -128 -128 -128 -128 -128 
-128 -128 -128 -128 -128 -128 -128 -128 -128 -128 -128 -128 -128 43 126 -47 -128 -128 -128 -128 -128 -128 -128 -128 -128 -128 -128 -128 
-128 -128 -128 -128 -128 -128 -128 -128 -128 -128 -128 -128 -104 104 87 -128 -128 -128 -128 -128 -128 -128 -128 -128 -128 -128 -128 -128 
-128 -128 -128 -128 -128 -128 -128 -128 -128 -128 -128 -128 -8 126 31 -128 -128 -128 -128 -128 -128 -128 -128 -128 -128 -128 -128 -128 
-128 -128 -128 -128 -128 -128 -128 -128 -128 -128 -128 -128 23 126 14 -128 -128 -128 -128 -128 -128 -128 -128 -128 -128 -128 -128 -128 
-128 -128 -128 -128 -128 -128 -128 -128 -128 -128 -128 -128 100 126 -62 -128 -128 -128 -128 -128 -128 -128 -128 -128 -128 -128 -128 -128 
-128 -128 -128 -128 -128 -128 -128 -128 -128 -128 -128 -67 123 126 -62 -128 -128 -128 -128 -128 -128 -128 -128 -128 -128 -128 -128 -128 
-128 -128 -128 -128 -128 -128 -128 -128 -128 -128 -128 13 126 77 -125 -128 -128 -128 -128 -128 -128 -128 -128 -128 -128 -128 -128 -128 
-128 -128 -128 -128 -128 -128 -128 -128 -128 -128 -118 87 126 -7 -128 -128 -128 -128 -128 -128 -128 -128 -128 -128 -128 -128 -128 -128 
-128 -128 -128 -128 -128 -128 -128 -128 -128 -128 -123 70 48 -118 -128 -128 -128 -128 -128 -128 -128 -128 -128 -128 -128 -128 -128 -128 
-128 -128 -128 -128 -128 -128 -128 -128 -128 -128 -128 -128 -128 -128 -128 -128 -128 -128 -128 -128 -128 -128 -128 -128 -128 -128 -128 -128 
-128 -128 -128 -128 -128 -128 -128 -128 -128 -128 -128 -128 -128 -128 -128 -128 -128 -128 -128 -128 -128 -128 -128 -128 -128 -128 -128 -128 
-128 -128 -128 -128 -128 -128 -128 -128 -128 -128 -128 -128 -128 -128 -128 -128 -128 -128 -128 -128 -128 -128 -128 -128 -128 -128 -128 -128 
-128 -128 -128 -128 -128 -128 -128 -128 -128 -128 -128 -128 -128 -128 -128 -128 -128 -128 -128 -128 -128 -128 -128 -128 -128 -128 -128 -128 
output[1]: 1
input[2]:
-128 -128 -128 -128 -128 -128 -128 -128 -128 -128 -128 -128 -128 -128 -128 -128 -128 -128 -128 -128 -128 -128 -128 -128 -128 -128 -128 -128 
-128 -128 -128 -128 -128 -128 -128 -128 -128 -128 -128 -128 -128 -128 -128 -128 -128 -128 -128 -128 -128 -128 -128 -128 -128 -128 -128 -128 
-128 -128 -128 -128 -128 -128 -128 -128 -128 -128 -128 -128 -128 -128 -128 -128 -128 -128 -128 -128 -128 -128 -128 -128 -128 -128 -128 -128 
-128 -128 -128 -128 -128 -128 -128 -128 -128 -128 -12 -3 43 127 127 22 -35 -128 -128 -128 -128 -128 -128 -128 -128 -128 -128 -128 
-128 -128 -128 -128 -128 -128 -128 -128 -128 41 125 125 125 125 125 125 90 -98 -128 -128 -128 -128 -128 -128 -128 -128 -128 -128 
-128 -128 -128 -128 -128 -128 -128 -128 41 125 125 125 85 14 48 125 125 -6 -128 -128 -128 -128 -128 -128 -128 -128 -128 -128 
-128 -128 -128 -128 -128 -128 -128 -76 122 125 82 -96 -116 -128 -122 78 125 12 -128 -128 -128 -128 -128 -128 -128 -128 -128 -128 
-128 -128 -128 -128 -128 -128 -128 -51 123 82 -103 -128 -128 -128 -6 120 125 -63 -128 -128 -128 -128 -128 -128 -128 -128 -128 -128 
-128 -128 -128 -128 -128 -128 -128 -128 -97 -110 -128 -128 -128 -128 81 125 125 -63 -128 -128 -128 -128 -128 -128 -128 -128 -128 -128 
-128 -128 -128 -128 -128 -128 -128 -128 -128 -128 -128 -128 -128 -11 119 125 70 -118 -128 -128 -128 -128 -128 -128 -128 -128 -128 -128 
-128 -128 -128 -128 -128 -128 -128 -128 -128 -128 -128 -128 -52 119 125 103 -65 -128 -128 -128 -128 -128 -128 -128 -128 -128 -128 -128 
-128 -128 -128 -128 -128 -128 -128 -128 -128 -128 -128 -128 0 125 125 16 -128 -128 -128 -128 -128 -128 -128 -128 -128 -128 -128 -128 
-128 -128 -128 -128 -128 -128 -128 -128 -128 -128 -128 48 118 125 31 -116 -128 -128 -128 -128 -128 -128 -128 -128 -128 -128 -128 -128 
-128 -128 -128 -128 -128 -128 -128 -128 -128 -128 -103 106 125 105 -93 -128 -128 -128 -128 -128 -128 -128 -128 -128 -128 -128 -128 -128 
-128 -128 -128 -128 -128 -128 -128 -128 -128 -128 70 125 125 13 -128 -128 -128 -128 -128 -128 -128 -128 -128 -128 -128 -128 -128 -128 
-128 -128 -128 -128 -128 -128 -128 -128 -128 -50 120 125 61 -116 -128 -128 -128 -128 -128 -128 -128 -128 -128 -128 -128 -128 -128 -128 
-128 -128 -128 -128 -128 -128 -128 -128 -109 72 125 125 13 -128 -128 -128 -128 -128 -128 -128 -128 -128 -128 -128 -128 -128 -128 -128 
-128 -128 -128 -128 -128 -128 -128 -128 6 125 125 45 -116 -128 -128 -128 -128 -128 -128 -128 -128 -128 -128 -128 -128 -128 -128 -128 
-128 -128 -128 -128 -128 -128 -128 -128 120 125 125 -103 -128 -128 -128 -128 -128 -128 -128 -128 -128 -128 -128 -128 -128 -128 -128 -128 
-128 -128 -128 -128 -128 -128 -128 -128 120 125 125 -85 -108 -108 -108 -108 -123 -128 -123 -108 -108 -91 22 22 22 19 -118 -128 
-128 -128 -128 -128 -128 -128 -128 -128 120 125 125 125 125 125 125 125 40 15 38 125 125 125 125 125 125 125 -5 -128 
-128 -128 -128 -128 -128 -128 -128 -128 46 125 125 125 125 125 125 125 125 125 125 125 121 119 119 41 -11 -11 -71 -128 
-128 -128 -128 -128 -128 -128 -128 -128 -128 -10 -5 -5 -5 38 125 125 125 27 -5 -5 -87 -128 -128 -128 -128 -128 -128 -128 
-128 -128 -128 -128 -128 -128 -128 -128 -128 -128 -128 -128 -128 -128 -128 -128 -128 -128 -128 -128 -128 -128 -128 -128 -128 -128 -128 -128 
-128 -128 -128 -128 -128 -128 -128 -128 -128 -128 -128 -128 -128 -128 -128 -128 -128 -128 -128 -128 -128 -128 -128 -128 -128 -128 -128 -128 
-128 -128 -128 -128 -128 -128 -128 -128 -128 -128 -128 -128 -128 -128 -128 -128 -128 -128 -128 -128 -128 -128 -128 -128 -128 -128 -128 -128 
-128 -128 -128 -128 -128 -128 -128 -128 -128 -128 -128 -128 -128 -128 -128 -128 -128 -128 -128 -128 -128 -128 -128 -128 -128 -128 -128 -128 
-128 -128 -128 -128 -128 -128 -128 -128 -128 -128 -128 -128 -128 -128 -128 -128 -128 -128 -128 -128 -128 -128 -128 -128 -128 -128 -128 -128 
output[2]: 2
input[3]:
-128 -128 -128 -128 -128 -128 -128 -128 -128 -128 -128 -128 -128 -128 -128 -128 -128 -128 -128 -128 -128 -128 -128 -128 -128 -128 -128 -128 
-128 -128 -128 -128 -128 -128 -128 -128 -128 -128 -128 -128 -128 -128 -128 -128 -128 -128 -128 -128 -128 -128 -128 -128 -128 -128 -128 -128 
-128 -128 -128 -128 -128 -128 -128 -128 -128 -128 -128 -128 -128 -128 -128 -128 -128 -128 -128 -128 -128 -128 -128 -128 -128 -128 -128 -128 
-128 -128 -128 -128 -128 -128 -128 -128 -128 -128 -128 -128 -128 -128 -128 -128 -128 -128 -128 -128 -128 -128 -128 -128 -128 -128 -128 -128 
-128 -128 -128 -128 -128 -128 -128 -128 -128 -114 -61 28 43 126 104 35 126 35 -69 -128 -128 -128 -128 -128 -128 -128 -128 -128 
-128 -128 -128 -128 -128 -128 -128 -128 -75 96 125 125 125 125 126 125 125 125 110 -128 -128 -128 -128 -128 -128 -128 -128 -128 
-128 -128 -128 -128 -128 -128 -128 -32 107 126 58 46 -43 -50 -50 -50 71 125 125 -128 -128 -128 -128 -128 -128 -128 -128 -128 
-128 -128 -128 -128 -128 -128 -128 8 125 3 -125 -128 -128 -128 -128 -57 119 125 109 -128 -128 -128 -128 -128 -128 -128 -128 -128 
-128 -128 -128 -128 -128 -128 -128 -96 -32 -128 -128 -128 -128 -128 -45 94 125 109 -70 -128 -128 -128 -128 -128 -128 -128 -128 -128 
-128 -128 -128 -128 -128 -128 -128 -128 -128 -128 -128 -128 -128 -45 127 126 55 -120 -128 -128 -128 -128 -128 -128 -128 -128 -128 -128 
-128 -128 -128 -128 -128 -128 -128 -128 -128 -128 -128 -128 -41 116 126 102 -96 -126 -128 -128 -128 -128 -128 -128 -128 -128 -128 -128 
-128 -128 -128 -128 -128 -128 -128 -128 -128 -109 -42 47 119 125 126 95 125 38 -49 -128 -128 -128 -128 -128 -128 -128 -128 -128 
-128 -128 -128 -128 -128 -128 -128 -128 -60 73 125 125 125 125 126 125 125 125 125 84 -39 -128 -128 -128 -128 -128 -128 -128 
-128 -128 -128 -128 -128 -128 -128 -128 67 126 125 125 34 -48 -70 -70 -40 42 125 126 120 -68 -128 -128 -128 -128 -128 -128 
-128 -128 -128 -128 -128 -128 -128 -128 -14 68 -23 -128 -128 -128 -128 -128 -128 -128 -52 127 126 95 -116 -128 -128 -128 -128 -128 
-128 -128 -128 -128 -128 -128 -128 -128 -128 -128 -128 -128 -128 -128 -128 -128 -128 -128 -128 -39 125 125 -101 -128 -128 -128 -128 -128 
-128 -128 -128 -128 -128 -128 -128 -128 -128 -128 -128 -128 -128 -128 -128 -128 -128 -128 -128 -69 125 125 -11 -128 -128 -128 -128 -128 
-128 -128 -128 -128 -128 -128 -128 -128 -128 -128 -128 -128 -128 -128 -128 -128 -128 -128 -128 73 125 125 -102 -128 -128 -128 -128 -128 
-128 -128 -128 -128 -128 -120 0 -75 -128 -128 -128 -128 -128 -128 -128 -128 -128 -128 -14 126 125 94 -116 -128 -128 -128 -128 -128 
-128 -128 -128 -128 -128 50 126 -71 -128 -128 -128 -128 -128 -128 -128 -128 -57 81 126 127 121 -68 -128 -128 -128 -128 -128 -128 
-128 -128 -128 -128 -128 86 64 -123 -128 -128 -128 -128 -128 -128 -115 -17 113 125 125 83 -78 -128 -128 -128 -128 -128 -128 -128 
-128 -128 -128 -128 -128 86 125 0 -49 -49 -49 -49 -49 25 96 125 125 112 -28 -128 -128 -128 -128 -128 -128 -128 -128 -128 
-128 -128 -128 -128 -128 16 113 125 125 126 125 125 125 125 126 122 -12 -112 -128 -128 -128 -128 -128 -128 -128 -128 -128 -128 
-128 -128 -128 -128 -128 -128 -57 80 125 126 125 125 34 27 -32 -74 -128 -128 -128 -128 -128 -128 -128 -128 -128 -128 -128 -128 
-128 -128 -128 -128 -128 -128 -128 -128 -128 -128 -128 -128 -128 -128 -128 -128 -128 -128 -128 -128 -128 -128 -128 -128 -128 -128 -128 -128 
-128 -128 -128 -128 -128 -128 -128 -128 -128 -128 -128 -128 -128 -128 -128 -128 -128 -128 -128 -128 -128 -128 -128 -128 -128 -128 -128 -128 
-128 -128 -128 -128 -128 -128 -128 -128 -128 -128 -128 -128 -128 -128 -128 -128 -128 -128 -128 -128 -128 -128 -128 -128 -128 -128 -128 -128 
-128 -128 -128 -128 -128 -128 -128 -128 -128 -128 -128 -128 -128 -128 -128 -128 -128 -128 -128 -128 -128 -128 -128 -128 -128 -128 -128 -128 
output[3]: 3
input[4]:
-128 -128 -128 -128 -128 -128 -128 -128 -128 -128 -128 -128 -128 -128 -128 -128 -128 -128 -128 -128 -128 -128 -128 -128 -128 -128 -128 -128 
-128 -128 -128 -128 -128 -128 -128 -128 -128 -128 -128 -128 -128 -128 -128 -128 -128 -128 -128 -128 -128 -128 -128 -128 -128 -128 -128 -128 
-128 -128 -128 -128 -128 -128 -128 -128 -128 -128 -128 -128 -128 -128 -128 -128 -128 -128 -128 -128 -128 -128 -128 -128 -128 -128 -128 -128 
-128 -128 -128 -128 -128 -128 -128 -128 -128 -128 -128 -128 -128 -128 -128 -128 -128 -128 -128 -128 -128 -128 -128 -128 -128 -128 -128 -128 
-128 -128 -128 -128 -128 -128 -128 -128 -128 -128 -128 -128 -128 -128 -128 -128 -128 -128 -128 -128 -128 -128 -128 -128 -128 -128 -128 -128 
-128 -128 -128 -128 -128 -128 -128 -128 -128 -128 -128 -126 39 127 0 -125 -128 -128 -128 -94 94 88 -101 -128 -128 -128 -128 -128 
-128 -128 -128 -128 -128 -128 -128 -128 -128 -128 -128 -104 125 125 125 -32 -128 -128 -123 50 125 125 24 -128 -128 -128 -128 -128 
-128 -128 -128 -128 -128 -128 -128 -128 -128 -128 -128 -79 125 125 125 -87 -128 -128 -98 125 125 125 0 -128 -128 -128 -128 -128 
-128 -128 -128 -128 -128 -128 -128 -128 -128 -128 -123 97 125 125 89 -106 -128 -119 69 125 125 87 -109 -128 -128 -128 -128 -128 
-128 -128 -128 -128 -128 -128 -128 -128 -128 -128 -25 125 125 125 21 -120 -128 -19 125 125 125 16 -121 -128 -128 -128 -128 -128 
-128 -128 -128 -128 -128 -128 -128 -128 -128 -128 101 125 125 100 -94 -128 -128 107 125 125 18 -122 -128 -128 -128 -128 -128 -128 
-128 -128 -128 -128 -128 -128 -128 -128 -128 32 125 125 125 -47 -128 -128 -69 123 125 125 -58 -128 -128 -128 -128 -128 -128 -128 
-128 -128 -128 -128 -128 -128 -128 -128 -119 100 125 125 106 -87 -128 -119 105 125 125 99 -97 -128 -128 -128 -128 -128 -128 -128 
-128 -128 -128 -128 -128 -128 -128 -83 64 125 125 125 125 60 -59 48 125 125 120 -10 -128 -128 -128 -128 -128 -128 -128 -128 
-128 -128 -128 -128 -128 -128 -115 -14 125 125 125 125 125 125 125 125 125 125 96 -128 -128 -128 -128 -128 -128 -128 -128 -128 
-128 -128 -128 -128 -128 -128 16 125 125 125 125 125 125 125 125 125 125 125 96 -128 -128 -128 -128 -128 -128 -128 -128 -128 
-128 -128 -128 -128 -128 -114 74 125 125 125 125 116 30 97 125 125 125 125 96 -128 -128 -128 -128 -128 -128 -128 -128 -128 
-128 -128 -128 -128 -128 15 125 125 125 125 15 -107 -109 83 125 125 125 125 96 -128 -128 -128 -128 -128 -128 -128 -128 -128 
-128 -128 -128 -128 -128 -36 121 122 72 -109 -127 -126 -21 125 125 125 115 125 99 -86 -128 -128 -128 -128 -128 -128 -128 -128 
-128 -128 -128 -128 -128 -128 -56 -52 -128 -128 -128 -104 125 125 125 125 -105 -29 -128 -128 -128 -128 -128 -128 -128 -128 -128 -128 
-128 -128 -128 -128 -128 -128 -128 -128 -128 -128 -128 -82 125 125 125 63 -120 -128 -128 -128 -128 -128 -128 -128 -128 -128 -128 -128 
-128 -128 -128 -128 -128 -128 -128 -128 -128 -128 -128 14 125 125 125 -54 -128 -128 -128 -128 -128 -128 -128 -128 -128 -128 -128 -128 
-128 -128 -128 -128 -128 -128 -128 -128 -128 -128 -123 102 125 125 64 -119 -128 -128 -128 -128 -128 -128 -128 -128 -128 -128 -128 -128 
-128 -128 -128 -128 -128 -128 -128 -128 -128 -128 -124 34 125 125 79 -111 -128 -128 -128 -128 -128 -128 -128 -128 -128 -128 -128 -128 
-128 -128 -128 -128 -128 -128 -128 -128 -128 -128 -128 -48 125 98 -84 -125 -128 -128 -128 -128 -128 -128 -128 -128 -128 -128 -128 -128 
-128 -128 -128 -128 -128 -128 -128 -128 -128 -128 -128 -128 -128 -128 -128 -128 -128 -128 -128 -128 -128 -128 -128 -128 -128 -128 -128 -128 
-128 -128 -128 -128 -128 -128 -128 -128 -128 -128 -128 -128 -128 -128 -128 -128 -128 -128 -128 -128 -128 -128 -128 -128 -128 -128 -128 -128 
-128 -128 -128 -128 -128 -128 -128 -128 -128 -128 -128 -128 -128 -128 -128 -128 -128 -128 -128 -128 -128 -128 -128 -128 -128 -128 -128 -128 
output[4]: 4
input[5]:
-128 -128 -128 -128 -128 -128 -128 -128 -128 -128 -128 -128 -128 -128 -128 -128 -128 -128 -128 -128 -128 -128 -128 -128 -128 -128 -128 -128 
-128 -128 -128 -128 -128 -128 -128 -128 -128 -128 -128 -128 -128 -128 -128 -128 -128 -128 -128 -128 -128 -128 -128 -128 -128 -128 -128 -128 
-128 -128 -128 -128 -128 -128 -128 -128 -128 -128 -128 -128 -128 -128 -128 -128 -128 -128 -128 -128 -128 -128 -128 -128 -128 -128 -128 -128 
-128 -128 -128 -128 -128 -128 -128 -128 -128 -128 -128 -128 -128 -128 -128 -128 -128 -128 -128 -128 -128 -128 -128 -128 -128 -128 -128 -128 
-128 -128 -128 -128 -128 -128 -128 -128 -128 -128 -128 -128 -128 -128 -128 -128 -128 -111 -81 -81 -81 -112 1 -43 -81 -128 -128 -128 
-128 -128 -128 -128 -128 -128 -128 -128 -128 -128 -128 -128 -128 -128 -128 -53 25 89 125 125 125 87 118 125 125 -128 -128 -128 
-128 -128 -128 -128 -128 -128 -128 -128 -128 -128 -128 -128 -93 14 116 124 125 125 125 125 125 125 125 125 125 -128 -128 -128 
-128 -128 -128 -128 -128 -128 -128 -128 -128 -128 -128 -128 -65 125 125 125 125 125 125 125 85 42 42 42 42 -128 -128 -128 
-128 -128 -128 -128 -128 -128 -128 -128 -108 4 -56 -128 -71 110 99 110 40 -4 -59 -108 -117 -128 -128 -128 -128 -128 -128 -128 
-128 -128 -128 -128 -128 -128 -128 -117 78 125 -50 -128 -128 -96 -128 -98 -126 -128 -128 -128 -128 -128 -128 -128 -128 -128 -128 -128 
-128 -128 -128 -128 -128 -128 -122 49 125 4 -118 -128 -128 -128 -128 -128 -128 -128 -128 -128 -128 -128 -128 -128 -128 -128 -128 -128 
-128 -128 -128 -128 -128 -116 5 125 105 -113 -128 -128 -128 -128 -128 -128 -128 -128 -128 -128 -128 -128 -128 -128 -128 -128 -128 -128 
-128 -128 -128 -128 -128 -36 125 95 -100 -128 -128 -128 -128 -128 -128 -128 -128 -128 -128 -128 -128 -128 -128 -128 -128 -128 -128 -128 
-128 -128 -128 -128 -128 22 125 46 -128 -128 -128 -128 -128 -128 -128 -128 -128 -128 -128 -128 -128 -128 -128 -128 -128 -128 -128 -128 
-128 -128 -128 -128 -128 106 125 118 -1 -79 -128 -128 -128 -128 -128 -128 -128 -128 -128 -128 -128 -128 -128 -128 -128 -128 -128 -128 
-128 -128 -128 -128 -128 127 125 125 125 123 19 -37 -7 -43 -86 -86 -43 -100 -128 -128 -128 -128 -128 -128 -128 -128 -128 -128 
-128 -128 -128 -128 -128 11 125 125 125 125 125 125 125 125 125 125 125 104 40 -128 -128 -128 -128 -128 -128 -128 -128 -128 
-128 -128 -128 -128 -128 -125 -75 90 94 123 125 125 125 125 125 125 125 125 124 -4 -128 -128 -128 -128 -128 -128 -128 -128 
-128 -128 -128 -128 -128 -128 -128 -128 -128 -61 -56 72 125 125 125 125 125 125 125 47 -128 -128 -128 -128 -128 -128 -128 -128 
-128 -128 -128 -128 -128 -128 -128 -128 -128 -128 -128 -8 125 121 24 -77 36 125 125 47 -128 -128 -128 -128 -128 -128 -128 -128 
-128 -128 -128 -128 -128 -128 -128 -128 -128 -128 -128 -78 125 125 125 60 124 125 125 20 -128 -128 -128 -128 -128 -128 -128 -128 
-128 -128 -128 -128 -128 -128 -128 -128 -128 -128 -128 -119 39 125 125 125 125 122 47 -117 -128 -128 -128 -128 -128 -128 -128 -128 
-128 -128 -128 -128 -128 -128 -128 -128 -128 -128 -128 -128 -105 52 103 125 93 0 -128 -128 -128 -128 -128 -128 -128 -128 -128 -128 
-128 -128 -128 -128 -128 -128 -128 -128 -128 -128 -128 -128 -128 -128 -35 21 -106 -128 -128 -128 -128 -128 -128 -128 -128 -128 -128 -128 
-128 -128 -128 -128 -128 -128 -128 -128 -128 -128 -128 -128 -128 -128 -128 -128 -128 -128 -128 -128 -128 -128 -128 -128 -128 -128 -128 -128 
-128 -128 -128 -128 -128 -128 -128 -128 -128 -128 -128 -128 -128 -128 -128 -128 -128 -128 -128 -128 -128 -128 -128 -128 -128 -128 -128 -128 
-128 -128 -128 -128 -128 -128 -128 -128 -128 -128 -128 -128 -128 -128 -128 -128 -128 -128 -128 -128 -128 -128 -128 -128 -128 -128 -128 -128 
-128 -128 -128 -128 -128 -128 -128 -128 -128 -128 -128 -128 -128 -128 -128 -128 -128 -128 -128 -128 -128 -128 -128 -128 -128 -128 -128 -128 
output[5]: 5
input[6]:
-128 -128 -128 -128 -128 -128 -128 -128 -128 -128 -128 -128 -128 -128 -128 -128 -128 -128 -128 -128 -128 -128 -128 -128 -128 -128 -128 -128 
-128 -128 -128 -128 -128 -128 -128 -128 -128 -128 -128 -128 -128 -128 -128 -128 -128 -128 -128 -128 -128 -128 -128 -128 -128 -128 -128 -128 
-128 -128 -128 -128 -128 -128 -128 -128 -128 -128 -128 -128 -128 -51 126 -43 -128 -128 -128 -128 -128 -128 -128 -128 -128 -128 -128 -128 
-128 -128 -128 -128 -128 -128 -128 -128 -128 -128 -128 -128 -120 76 125 105 -115 -128 -128 -128 -128 -128 -128 -128 -128 -128 -128 -128 
-128 -128 -128 -128 -128 -128 -128 -128 -128 -128 -128 -128 -78 125 125 -37 -128 -128 -128 -128 -128 -128 -128 -128 -128 -128 -128 -128 
-128 -128 -128 -128 -128 -128 -128 -128 -128 -128 -128 -128 5 125 86 -128 -128 -128 -128 -128 -128 -128 -128 -128 -128 -128 -128 -128 
-128 -128 -128 -128 -128 -128 -128 -128 -128 -128 -128 -88 115 118 -56 -128 -128 -128 -128 -128 -128 -128 -128 -128 -128 -128 -128 -128 
-128 -128 -128 -128 -128 -128 -128 -128 -128 -128 -128 108 126 81 -128 -128 -128 -128 -128 -128 -128 -128 -128 -128 -128 -128 -128 -128 
-128 -128 -128 -128 -128 -128 -128 -128 -128 -128 -60 124 117 -47 -128 -128 -128 -128 -128 -128 -128 -128 -128 -128 -128 -128 -128 -128 
-128 -128 -128 -128 -128 -128 -128 -128 -128 -95 100 125 75 -128 -128 -128 -128 -128 -128 -128 -128 -128 -128 -128 -128 -128 -128 -128 
-128 -128 -128 -128 -128 -128 -128 -128 -128 -88 126 125 -40 -128 -128 -128 -128 -128 -128 -128 -128 -128 -128 -128 -128 -128 -128 -128 
-128 -128 -128 -128 -128 -128 -128 -128 -128 -37 126 86 -117 -128 -128 -128 -75 -115 -128 -128 -128 -128 -128 -128 -128 -128 -128 -128 
-128 -128 -128 -128 -128 -128 -128 -128 -128 21 127 71 -128 -122 -107 -29 119 113 -41 -128 -128 -128 -128 -128 -128 -128 -128 -128 
-128 -128 -128 -128 -128 -128 -128 -128 -128 53 126 -33 -128 -90 112 126 125 125 123 -41 -128 -128 -128 -128 -128 -128 -128 -128 
-128 -128 -128 -128 -128 -128 -128 -128 -128 53 126 -57 44 105 125 126 117 88 104 112 -82 -128 -128 -128 -128 -128 -128 -128 
-128 -128 -128 -128 -128 -128 -128 -128 -128 53 126 125 125 125 118 -9 -85 -128 -12 125 1 -128 -128 -128 -128 -128 -128 -128 
-128 -128 -128 -128 -128 -128 -128 -128 -128 53 126 125 125 112 -82 -128 -128 -114 90 125 53 -128 -128 -128 -128 -128 -128 -128 
-128 -128 -128 -128 -128 -128 -128 -128 -128 -4 127 126 102 -108 -128 -128 -128 90 126 126 -4 -128 -128 -128 -128 -128 -128 -128 
-128 -128 -128 -128 -128 -128 -128 -128 -128 -89 106 125 64 -73 -73 -73 30 122 125 105 -89 -128 -128 -128 -128 -128 -128 -128 
-128 -128 -128 -128 -128 -128 -128 -128 -128 -128 -10 125 125 125 125 126 125 125 57 -79 -128 -128 -128 -128 -128 -128 -128 -128 
-128 -128 -128 -128 -128 -128 -128 -128 -128 -128 -112 66 125 125 125 126 121 15 -116 -128 -128 -128 -128 -128 -128 -128 -128 -128 
-128 -128 -128 -128 -128 -128 -128 -128 -128 -128 -128 -112 34 125 92 35 -65 -128 -128 -128 -128 -128 -128 -128 -128 -128 -128 -128 
-128 -128 -128 -128 -128 -128 -128 -128 -128 -128 -128 -128 -128 -128 -128 -128 -128 -128 -128 -128 -128 -128 -128 -128 -128 -128 -128 -128 
-128 -128 -128 -128 -128 -128 -128 -128 -128 -128 -128 -128 -128 -128 -128 -128 -128 -128 -128 -128 -128 -128 -128 -128 -128 -128 -128 -128 
-128 -128 -128 -128 -128 -128 -128 -128 -128 -128 -128 -128 -128 -128 -128 -128 -128 -128 -128 -128 -128 -128 -128 -128 -128 -128 -128 -128 
-128 -128 -128 -128 -128 -128 -128 -128 -128 -128 -128 -128 -128 -128 -128 -128 -128 -128 -128 -128 -128 -128 -128 -128 -128 -128 -128 -128 
-128 -128 -128 -128 -128 -128 -128 -128 -128 -128 -128 -128 -128 -128 -128 -128 -128 -128 -128 -128 -128 -128 -128 -128 -128 -128 -128 -128 
-128 -128 -128 -128 -128 -128 -128 -128 -128 -128 -128 -128 -128 -128 -128 -128 -128 -128 -128 -128 -128 -128 -128 -128 -128 -128 -128 -128 
output[6]: 6
input[7]:
-128 -128 -128 -128 -128 -128 -128 -128 -128 -128 -128 -128 -128 -128 -128 -128 -128 -128 -128 -128 -128 -128 -128 -128 -128 -128 -128 -128 
-128 -128 -128 -128 -128 -128 -128 -128 -128 -128 -128 -128 -128 -128 -128 -128 -128 -128 -128 -128 -128 -128 -128 -128 -128 -128 -128 -128 
-128 -128 -128 -128 -128 -128 -128 -128 -128 -128 -128 -128 -128 -128 -128 -128 -128 -128 -128 -128 -128 -128 -128 -128 -128 -128 -128 -128 
-128 -128 -128 -128 -128 -128 -128 -128 -128 -128 -128 -128 -128 -128 -128 -128 -128 -128 -128 -128 -128 -128 -128 -128 -128 -128 -128 -128 
-128 -128 -128 -128 -128 -128 -128 -128 -128 -128 -128 -128 -128 -128 -128 -128 -128 -128 -128 -128 -128 -128 -128 -128 -128 -128 -128 -128 
-128 -128 -128 -128 -128 -128 -128 -128 -128 -128 -128 -128 -128 -128 -128 -128 -128 -128 -128 -128 -128 -128 -128 -128 -128 -128 -128 -128 
-128 -128 -128 -128 -128 -128 -128 -128 -128 -128 -128 -128 -128 -128 -128 -128 -128 -128 -128 -128 -128 -128 -128 -128 -128 -128 -128 -128 
-128 -128 -128 -128 -128 -128 -44 57 31 23 -68 -92 -128 -128 -128 -128 -128 -128 -128 -128 -128 -128 -128 -128 -128 -128 -128 -128 
-128 -128 -128 -128 -128 -128 94 126 126 126 126 113 70 70 70 70 70 70 70 70 42 -76 -128 -128 -128 -128 -128 -128 
-128 -128 -128 -128 -128 -128 -61 -14 -56 -14 35 99 126 97 126 126 126 122 101 126 126 12 -128 -128 -128 -128 -128 -128 
-128 -128 -128 -128 -128 -128 -128 -128 -128 -128 -128 -111 -62 -114 -61 -61 -61 -69 -107 108 126 -22 -128 -128 -128 -128 -128 -128 
-128 -128 -128 -128 -128 -128 -128 -128 -128 -128 -128 -128 -128 -128 -128 -128 -128 -128 -45 125 81 -110 -128 -128 -128 -128 -128 -128 
-128 -128 -128 -128 -128 -128 -128 -128 -128 -128 -128 -128 -128 -128 -128 -128 -128 -106 105 127 -45 -128 -128 -128 -128 -128 -128 -128 
-128 -128 -128 -128 -128 -128 -128 -128 -128 -128 -128 -128 -128 -128 -128 -128 -128 1 126 110 -84 -128 -128 -128 -128 -128 -128 -128 
-128 -128 -128 -128 -128 -128 -128 -128 -128 -128 -128 -128 -128 -128 -128 -128 -69 121 126 -66 -128 -128 -128 -128 -128 -128 -128 -128 
-128 -128 -128 -128 -128 -128 -128 -128 -128 -128 -128 -128 -128 -128 -128 -128 5 126 59 -123 -128 -128 -128 -128 -128 -128 -128 -128 
-128 -128 -128 -128 -128 -128 -128 -128 -128 -128 -128 -128 -128 -128 -128 -119 77 120 -70 -128 -128 -128 -128 -128 -128 -128 -128 -128 
-128 -128 -128 -128 -128 -128 -128 -128 -128 -128 -128 -128 -128 -128 -128 -2 126 54 -128 -128 -128 -128 -128 -128 -128 -128 -128 -128 
-128 -128 -128 -128 -128 -128 -128 -128 -128 -128 -128 -128 -128 -128 -53 123 112 -71 -128 -128 -128 -128 -128 -128 -128 -128 -128 -128 
-128 -128 -128 -128 -128 -128 -128 -128 -128 -128 -128 -128 -128 -109 93 126 38 -128 -128 -128 -128 -128 -128 -128 -128 -128 -128 -128 
-128 -128 -128 -128 -128 -128 -128 -128 -128 -128 -128 -128 -125 75 126 91 -93 -128 -128 -128 -128 -128 -128 -128 -128 -128 -128 -128 
-128 -128 -128 -128 -128 -128 -128 -128 -128 -128 -128 -128 -90 126 126 -51 -128 -128 -128 -128 -128 -128 -128 -128 -128 -128 -128 -128 
-128 -128 -128 -128 -128 -128 -128 -128 -128 -128 -128 -97 96 126 -13 -127 -128 -128 -128 -128 -128 -128 -128 -128 -128 -128 -128 -128 
-128 -128 -128 -128 -128 -128 -128 -128 -128 -128 -128 5 126 126 -76 -128 -128 -128 -128 -128 -128 -128 -128 -128 -128 -128 -128 -128 
-128 -128 -128 -128 -128 -128 -128 -128 -128 -128 -67 114 126 126 -76 -128 -128 -128 -128 -128 -128 -128 -128 -128 -128 -128 -128 -128 
-128 -128 -128 -128 -128 -128 -128 -128 -128 -128 -7 126 126 91 -88 -128 -128 -128 -128 -128 -128 -128 -128 -128 -128 -128 -128 -128 
-128 -128 -128 -128 -128 -128 -128 -128 -128 -128 -7 126 79 -110 -128 -128 -128 -128 -128 -128 -128 -128 -128 -128 -128 -128 -128 -128 
-128 -128 -128 -128 -128 -128 -128 -128 -128 -128 -128 -128 -128 -128 -128 -128 -128 -128 -128 -128 -128 -128 -128 -128 -128 -128 -128 -128 
output[7]: 7
input[8]:
-128 -128 -128 -128 -128 -128 -128 -128 -128 -128 -128 -128 -128 -128 -128 -128 -128 -128 -128 -128 -128 -128 -128 -128 -128 -128 -128 -128 
-128 -128 -128 -128 -128 -128 -128 -128 -128 -128 -128 -128 -128 -128 -128 -128 -128 -128 -128 -128 -128 -128 -128 -128 -128 -128 -128 -128 
-128 -128 -128 -128 -128 -128 -128 -128 -128 -128 -128 -128 -128 -128 -128 -128 -128 -128 -128 -128 -128 -128 -128 -128 -128 -128 -128 -128 
-128 -128 -128 -128 -128 -128 -128 -128 -128 -128 -128 -128 -128 -128 -128 -128 -128 -128 -128 -128 -128 -128 -128 -128 -128 -128 -128 -128 
-128 -128 -128 -128 -128 -128 -128 -128 -128 -128 -128 -128 -128 -128 -64 0 0 0 0 0 0 -128 -128 -128 -128 -128 -128 -128 
-128 -128 -128 -128 -128 -128 -128 -128 -128 -128 -128 -128 -64 63 127 127 127 127 127 127 127 0 -128 -128 -128 -128 -128 -128 
-128 -128 -128 -128 -128 -128 -128 -128 -128 -128 -128 0 127 127 127 127 127 127 127 127 127 127 63 -128 -128 -128 -128 -128 
-128 -128 -128 -128 -128 -128 -128 -128 -128 -128 -128 127 127 127 127 127 127 127 127 127 127 127 63 -128 -128 -128 -128 -128 
-128 -128 -128 -128 -128 -128 -128 -128 -128 -128 63 127 127 127 127 127 127 127 127 127 127 127 0 -128 -128 -128 -128 -128 
-128 -128 -128 -128 -128 -128 -128 -128 -128 -64 127 127 127 127 127 63 -64 -128 127 127 127 127 127 -128 -128 -128 -128 -128 
-128 -128 -128 -128 -128 -128 -128 -128 -128 0 127 127 127 127 127 -64 -64 127 127 127 127 127 127 63 -128 -128 -128 -128 
-128 -128 -128 -128 -128 -128 -128 -128 -128 0 127 127 127 127 127 127 127 127 127 127 127 127 127 127 -128 -128 -128 -128 
-128 -128 -128 -128 -128 -128 -128 -128 -128 0 127 127 127 127 127 127 127 127 127 127 127 127 127 63 -128 -128 -128 -128 
-128 -128 -128 -128 -128 -128 -128 -128 -128 0 127 127 127 127 127 127 127 127 127 127 127 127 0 -128 -128 -128 -128 -128 
-128 -128 -128 -128 -128 -128 -128 -128 -128 0 127 127 127 127 127 127 127 127 127 127 0 -128 -128 -128 -128 -128 -128 -128 
-128 -128 -128 -128 -128 -128 -128 -128 0 127 127 127 127 127 127 127 127 127 63 -128 -128 -128 -128 -128 -128 -128 -128 -128 
-128 -128 -128 -128 -128 -128 -128 0 127 127 127 127 127 127 127 127 0 -64 -128 -128 -128 -128 -128 -128 -128 -128 -128 -128 
-128 -128 -128 -128 -128 -128 63 127 127 127 127 127 127 127 127 0 -128 -128 -128 -128 -128 -128 -128 -128 -128 -128 -128 -128 
-128 -128 -128 -128 -128 127 127 127 127 127 127 127 127 127 127 127 -64 -128 -128 -128 -128 -128 -128 -128 -128 -128 -128 -128 
-128 -128 -128 -128 0 127 127 127 127 127 127 127 127 127 127 127 127 -128 -128 -128 -128 -128 -128 -128 -128 -128 -128 -128 
-128 -128 -128 -128 127 127 127 127 127 127 127 127 127 127 127 127 127 -64 -128 -128 -128 -128 -128 -128 -128 -128 -128 -128 
-128 -128 -128 -128 127 127 127 127 127 127 127 127 127 127 127 127 63 -128 -128 -128 -128 -128 -128 -128 -128 -128 -128 -128 
-128 -128 -128 -128 63 127 127 127 127 127 127 127 127 63 0 0 -128 -128 -128 -128 -128 -128 -128 -128 -128 -128 -128 -128 
-128 -128 -128 -128 -128 0 0 0 0 0 0 -128 -128 -128 -128 -128 -128 -128 -128 -128 -128 -128 -128 -128 -128 -128 -128 -128 
-128 -128 -128 -128 -128 -128 -128 -128 -128 -128 -128 -128 -128 -128 -128 -128 -128 -128 -128 -128 -128 -128 -128 -128 -128 -128 -128 -128 
-128 -128 -128 -128 -128 -128 -128 -128 -128 -128 -128 -128 -128 -128 -128 -128 -128 -128 -128 -128 -128 -128 -128 -128 -128 -128 -128 -128 
-128 -128 -128 -128 -128 -128 -128 -128 -128 -128 -128 -128 -128 -128 -128 -128 -128 -128 -128 -128 -128 -128 -128 -128 -128 -128 -128 -128 
-128 -128 -128 -128 -128 -128 -128 -128 -128 -128 -128 -128 -128 -128 -128 -128 -128 -128 -128 -128 -128 -128 -128 -128 -128 -128 -128 -128 
output[8]: 8
input[9]:
-128 -128 -128 -128 -128 -128 -128 -128 -128 -128 -128 -128 -128 -128 -128 -128 -128 -128 -128 -128 -128 -128 -128 -128 -128 -128 -128 -128 
-128 -128 -128 -128 -128 -128 -128 -128 -128 -128 -128 -128 -128 -128 -128 -128 -128 -128 -128 -128 -128 -128 -128 -128 -128 -128 -128 -128 
-128 -128 -128 -128 -128 -128 -128 -128 -128 -128 -128 -128 -128 -128 -128 -128 -128 -128 -128 -128 -128 -128 -128 -128 -128 -128 -128 -128 
-128 -128 -128 -128 -128 -128 -128 -128 -128 -128 -128 -128 -128 -128 -128 -128 -128 -128 -128 -128 -128 -128 -128 -128 -128 -128 -128 -128 
-128 -128 -128 -128 -128 -128 -128 -128 -128 -128 -128 -128 -128 -128 -128 -128 -128 -128 -128 -128 -128 -128 -128 -128 -128 -128 -128 -128 
-128 -128 -128 -128 -128 -128 -128 -128 -128 -128 -128 -128 -128 -128 -128 -128 -128 -128 -128 -128 -128 -128 -128 -128 -128 -128 -128 -128 
-128 -128 -128 -128 -128 -128 -128 -128 -128 -128 -99 48 127 126 43 -87 -128 -128 -128 -128 -128 -128 -128 -128 -128 -128 -128 -128 
-128 -128 -128 -128 -128 -128 -128 -128 -128 -101 83 125 125 125 125 116 0 -128 -128 -128 -128 -128 -128 -128 -128 -128 -128 -128 
-128 -128 -128 -128 -128 -128 -128 -128 -124 56 125 125 125 125 125 125 122 43 -128 -128 -128 -128 -128 -128 -128 -128 -128 -128 
-128 -128 -128 -128 -128 -128 -128 -128 -67 125 125 125 81 21 -4 124 125 117 -75 -128 -128 -128 -128 -128 -128 -128 -128 -128 
-128 -128 -128 -128 -128 -128 -128 -128 98 125 125 125 125 125 110 125 125 125 39 -128 -128 -128 -128 -128 -128 -128 -128 -128 
-128 -128 -128 -128 -128 -128 -128 -128 106 125 125 125 94 53 81 125 125 125 70 -120 -128 -128 -128 -128 -128 -128 -128 -128 
-128 -128 -128 -128 -128 -128 -128 -122 107 125 69 -19 -110 -128 -29 125 125 125 121 -104 -128 -128 -128 -128 -128 -128 -128 -128 
-128 -128 -128 -128 -128 -128 -128 -65 121 125 6 -128 -128 -128 -3 125 125 125 99 -111 -128 -128 -128 -128 -128 -128 -128 -128 
-128 -128 -128 -128 -128 -128 -128 -128 106 125 57 -86 -35 2 117 125 125 125 125 -103 -128 -128 -128 -128 -128 -128 -128 -128 
-128 -128 -128 -128 -128 -128 -128 -128 106 125 125 125 125 125 125 125 125 125 125 -103 -128 -128 -128 -128 -128 -128 -128 -128 
-128 -128 -128 -128 -128 -128 -128 -128 65 125 125 125 125 125 125 125 125 125 125 -103 -128 -128 -128 -128 -128 -128 -128 -128 
-128 -128 -128 -128 -128 -128 -128 -128 -125 -51 71 84 84 20 -60 -82 125 125 125 -103 -128 -128 -128 -128 -128 -128 -128 -128 
-128 -128 -128 -128 -128 -128 -128 -128 -128 -128 -128 -128 -128 -128 -128 -86 125 125 125 -103 -128 -128 -128 -128 -128 -128 -128 -128 
-128 -128 -128 -128 -128 -128 -128 -128 -128 -128 -128 -128 -128 -128 -128 -86 125 125 125 -103 -128 -128 -128 -128 -128 -128 -128 -128 
-128 -128 -128 -128 -128 -128 -128 -128 -128 -128 -128 -128 -128 -128 -128 -116 81 125 125 -103 -128 -128 -128 -128 -128 -128 -128 -128 
-128 -128 -128 -128 -128 -128 -128 -128 -128 -128 -128 -128 -128 -128 -128 -128 64 125 125 -103 -128 -128 -128 -128 -128 -128 -128 -128 
-128 -128 -128 -128 -128 -128 -128 -128 -128 -128 -128 -128 -128 -128 -128 -128 64 125 125 -75 -128 -128 -128 -128 -128 -128 -128 -128 
-128 -128 -128 -128 -128 -128 -128 -128 -128 -128 -128 -128 -128 -128 -128 -128 64 125 125 1 -128 -128 -128 -128 -128 -128 -128 -128 
-128 -128 -128 -128 -128 -128 -128 -128 -128 -128 -128 -128 -128 -128 -128 -128 64 125 125 24 -128 -128 -128 -128 -128 -128 -128 -128 
-128 -128 -128 -128 -128 -128 -128 -128 -128 -128 -128 -128 -128 -128 -128 -128 -20 125 125 -22 -128 -128 -128 -128 -128 -128 -128 -128 
-128 -128 -128 -128 -128 -128 -128 -128 -128 -128 -128 -128 -128 -128 -128 -128 -128 -128 -128 -128 -128 -128 -128 -128 -128 -128 -128 -128 
-128 -128 -128 -128 -128 -128 -128 -128 -128 -128 -128 -128 -128 -128 -128 -128 -128 -128 -128 -128 -128 -128 -128 -128 -128 -128 -128 -128 
output[9]: 9
